0,4
1,4
2,4
3,5
4,5
5,4
6,3
7,6
8,5
9,5
10,6
11,4
12,4
13,5
14,4
15,5
16,4
17,3
18,6
19,5
20,5
21,5
22,5
23,3
24,4
25,4
26,4
27,5
28,3
29,4
30,4
31,5
32,5
33,3
34,6
35,4
36,7
37,7
38,6
39,5
40,6
41,4
42,5
43,5
44,4
45,2
46,4
47,6
48,4
49,4
50,5
51,4
52,4
53,4
54,7
55,3
56,4
57,5
58,4
59,4
60,4
61,3
62,4
63,4
64,4
65,6
66,5
67,4
68,5
69,4
70,4
71,4
72,5
73,4
74,4
75,5
76,4
77,6
78,6
79,4
80,6
81,4
82,3
83,5
84,4
85,5
86,6
87,5
88,3
89,4
90,3
91,4
92,4
93,6
94,5
95,3
96,5
97,4
98,2
99,5
100,3
101,4
102,7
103,4
104,4
105,4
106,4
107,5
108,4
109,4
110,5
111,5
112,3
113,7
114,6
115,4
116,3
117,4
118,3
119,5
120,3
121,6
122,5
123,10
124,6
125,6
126,4
127,5
128,4
129,6
130,9
131,7
132,4
133,4
134,4
135,4
136,5
137,5
138,5
139,3
140,2
141,5
142,5
143,9
144,5
145,4
146,4
147,6
148,3
149,4
150,4
151,3
152,5
153,5
154,5
155,4
156,4
157,4
158,3
159,3
160,4
161,5
162,4
163,7
164,5
165,4
166,4
167,5
168,5
169,5
170,4
171,4
172,5
173,3
174,5
175,5
176,5
177,2
178,5
179,3
180,4
181,4
182,5
183,3
184,4
185,4
186,9
187,5
188,5
189,3
190,4
191,4
192,5
193,3
194,5
195,4
196,6
197,4
198,4
199,5
200,6
201,5
202,4
203,5
204,6
205,5
206,5
207,4
208,5
209,4
210,3
211,3
212,3
213,5
214,3
215,5
216,4
217,4
218,5
219,4
220,4
221,4
222,3
223,5
224,3
225,5
226,5
227,3
228,3
229,4
230,5
231,4
232,6
233,6
234,7
235,5
236,4
237,4
238,5
239,5
240,4
241,5
242,5
243,5
244,5
245,5
246,4
247,5
248,4
249,6
250,3
251,4
252,4
253,3
254,4
255,4
256,7
257,4
258,4
259,3
260,3
261,4
262,6
263,3
264,5
265,8
266,3
267,6
268,5
269,5
270,3
271,4
272,3
273,5
274,5
275,4
276,4
277,5
278,3
279,4
280,4
281,3
282,5
283,5
284,7
285,6
286,5
287,5
288,6
289,6
290,5
291,6
292,3
293,2
294,3
295,4
296,5
297,4
298,4
299,3
300,8
301,6
302,3
303,4
304,8
305,4
306,5
307,4
308,4
309,4
310,5
311,6
312,5
313,7
314,6
315,4
316,5
317,6
318,6
319,3
320,6
321,5
322,9
323,4
324,4
325,4
326,4
327,4
328,2
329,5
330,5
331,5
332,6
333,6
334,4
335,3
336,5
337,4
338,6
339,5
340,6
341,4
342,6
343,4
344,4
345,4
346,3
347,4
348,3
349,4
350,5
351,5
352,6
353,5
354,5
355,5
356,4
357,4
358,3
359,8
360,6
361,5
362,4
363,4
364,4
365,3
366,4
367,4
368,3
369,3
370,3
371,6
372,5
373,6
374,5
375,3
376,4
377,4
378,7
379,6
380,3
381,4
382,7
383,5
384,5
385,4
386,4
387,4
388,6
389,4
390,4
391,5
392,6
393,3
394,4
395,4
396,4
397,7
398,6
399,4
400,6
401,3
402,5
403,3
404,6
405,4
406,5
407,4
408,6
409,4
410,4
411,4
412,5
413,6
414,5
415,4
416,4
417,5
418,5
419,3
420,6
421,4
422,4
423,7
424,5
425,4
426,4
427,5
428,4
429,6
430,5
431,5
432,4
433,5
434,4
435,5
436,5
437,4
438,7
439,4
440,7
441,4
442,4
443,4
444,5
445,3
446,6
447,6
448,5
449,3
450,5
451,4
452,9
453,4
454,4
455,5
456,4
457,6
458,4
459,5
460,7
461,4
462,5
463,5
464,6
465,3
466,4
467,4
468,3
469,5
470,3
471,3
472,4
473,5
474,3
475,4
476,3
477,4
478,5
479,4
480,7
481,4
482,3
483,2
484,5
485,5
486,5
487,4
488,4
489,3
490,5
491,5
492,5
493,6
494,4
495,5
496,5
497,4
498,4
499,4
500,7
501,4
502,5
503,5
504,4
505,7
506,4
507,5
508,5
509,6
510,4
511,4
512,5
513,4
514,6
515,4
516,3
517,5
518,5
519,4
520,5
521,4
522,4
523,4
524,5
525,5
526,4
527,3
528,4
529,3
530,4
531,5
532,5
533,6
534,7
535,4
536,7
537,4
538,6
539,6
540,7
541,4
542,4
543,8
544,5
545,6
546,5
547,4
548,2
549,4
550,5
551,5
552,5
553,3
554,8
555,5
556,5
557,5
558,5
559,5
560,4
561,4
562,4
563,5
564,4
565,3
566,4
567,7
568,3
569,5
570,3
571,5
572,10
573,5
574,5
575,5
576,4
577,6
578,5
579,4
580,6
581,3
582,6
583,4
584,4
585,2
586,3
587,6
588,4
589,7
590,6
591,3
592,4
593,5
594,4
595,5
596,5
597,4
598,4
599,4
600,3
601,4
602,4
603,4
604,4
605,7
606,3
607,3
608,4
609,3
610,6
611,4
612,6
613,4
614,5
615,4
616,3
617,6
618,5
619,4
620,4
621,3
622,2
623,6
624,4
625,6
626,6
627,5
628,4
629,6
630,4
631,6
632,4
633,6
634,7
635,4
636,4
637,5
638,5
639,4
640,4
641,5
642,5
643,6
644,5
645,2
646,6
647,3
648,4
649,6
650,6
651,4
652,3
653,4
654,4
655,5
656,6
657,3
658,5
659,6
660,5
661,6
662,4
663,5
664,4
665,3
666,3
667,5
668,4
669,5
670,4
671,6
672,5
673,4
674,3
675,4
676,4
677,4
678,4
679,6
680,5
681,4
682,3
683,5
684,6
685,6
686,5
687,4
688,3
689,6
690,3
691,6
692,6
693,4
694,4
695,4
696,3
697,4
698,6
699,4
700,9
701,4
702,4
703,5
704,5
705,6
706,3
707,6
708,6
709,3
710,4
711,4
712,4
713,7
714,5
715,5
716,8
717,5
718,4
719,3
720,4
721,4
722,6
723,4
724,3
725,4
726,4
727,5
728,4
729,4
730,11
731,5
732,4
733,8
734,3
735,4
736,4
737,3
738,6
739,5
740,5
741,5
742,5
743,4
744,4
745,6
746,3
747,3
748,7
749,2
750,4
751,4
752,5
753,6
754,4
755,3
756,4
757,6
758,4
759,3
760,4
761,4
762,4
763,4
764,4
765,4
766,5
767,5
768,6
769,4
770,4
771,4
772,6
773,5
774,4
775,5
776,4
777,5
778,3
779,7
780,5
781,4
782,3
783,6
784,4
785,4
786,4
787,5
788,5
789,6
790,4
791,4
792,5
793,6
794,5
795,3
796,5
797,5
798,5
799,5
800,7
801,5
802,5
803,4
804,5
805,5
806,7
807,4
808,5
809,6
810,7
811,4
812,3
813,3
814,4
815,4
816,4
817,3
818,3
819,3
820,3
821,4
822,3
823,4
824,5
825,5
826,4
827,4
828,4
829,4
830,5
831,4
832,4
833,4
834,3
835,5
836,10
837,4
838,5
839,3
840,3
841,4
842,5
843,3
844,7
845,4
846,4
847,7
848,5
849,4
850,5
851,4
852,4
853,4
854,6
855,5
856,3
857,5
858,3
859,3
860,5
861,10
862,4
863,4
864,5
865,8
866,3
867,6
868,4
869,5
870,4
871,3
872,6
873,3
874,6
875,6
876,6
877,10
878,3
879,4
880,3
881,4
882,5
883,5
884,7
885,5
886,4
887,6
888,5
889,5
890,4
891,5
892,4
893,11
894,3
895,5
896,4
897,3
898,8
899,3
900,4
901,6
902,5
903,4
904,5
905,6
906,4
907,5
908,6
909,4
910,5
911,3
912,4
913,5
914,4
915,4
916,4
917,5
918,4
919,5
920,3
921,5
922,6
923,4
924,4
925,6
926,4
927,6
928,4
929,6
930,4
931,4
932,4
933,3
934,3
935,4
936,4
937,5
938,4
939,5
940,5
941,3
942,4
943,4
944,4
945,3
946,6
947,4
948,5
949,4
950,6
951,5
952,4
953,6
954,4
955,4
956,5
957,5
958,4
959,8
960,5
961,4
962,5
963,6
964,3
965,4
966,6
967,4
968,5
969,4
970,5
971,3
972,3
973,4
974,5
975,5
976,4
977,4
978,5
979,4
980,4
981,4
982,4
983,5
984,4
985,6
986,6
987,6
988,5
989,6
990,3
991,4
992,4
993,5
994,5
995,7
996,5
997,3
998,5
999,5
1000,5
1001,4
1002,5
1003,4
1004,5
1005,3
1006,3
1007,4
1008,5
1009,5
1010,4
1011,4
1012,3
1013,4
1014,4
1015,3
1016,4
1017,6
1018,4
1019,5
1020,4
1021,5
1022,4
1023,3
1024,4
1025,4
1026,4
1027,5
1028,4
1029,3
1030,4
1031,5
1032,5
1033,4
1034,5
1035,4
1036,4
1037,4
1038,4
1039,4
1040,5
1041,3
1042,4
1043,3
1044,4
1045,6
1046,3
1047,6
1048,6
1049,3
1050,4
1051,4
1052,4
1053,6
1054,3
1055,4
1056,6
1057,5
1058,4
1059,9
1060,4
1061,2
1062,6
1063,4
1064,5
1065,4
1066,9
1067,4
1068,5
1069,4
1070,4
1071,4
1072,3
1073,5
1074,5
1075,6
1076,7
1077,2
1078,8
1079,4
1080,5
1081,3
1082,5
1083,6
1084,4
1085,5
1086,4
1087,6
1088,3
1089,4
1090,6
1091,5
1092,5
1093,4
1094,4
1095,3
1096,5
1097,5
1098,4
1099,6
1100,4
1101,4
1102,6
1103,3
1104,4
1105,4
1106,4
1107,5
1108,6
1109,2
1110,4
1111,4
1112,4
1113,4
1114,4
1115,5
1116,7
1117,5
1118,4
1119,4
1120,4
1121,3
1122,6
1123,6
1124,3
1125,3
1126,4
1127,3
1128,5
1129,2
1130,8
1131,4
1132,4
1133,3
1134,4
1135,7
1136,4
1137,4
1138,4
1139,7
1140,7
1141,6
1142,6
1143,3
1144,4
1145,5
1146,3
1147,6
1148,4
1149,3
1150,5
1151,3
1152,4
1153,4
1154,4
1155,5
1156,4
1157,3
1158,3
1159,5
1160,5
1161,4
1162,5
1163,3
1164,5
1165,4
1166,4
1167,5
1168,4
1169,4
1170,4
1171,5
1172,5
1173,3
1174,3
1175,4
1176,6
1177,6
1178,5
1179,6
1180,7
1181,5
1182,6
1183,4
1184,4
1185,5
1186,4
1187,6
1188,4
1189,4
1190,3
1191,8
1192,6
1193,5
1194,5
1195,4
1196,5
1197,5
1198,6
1199,4
1200,5
1201,4
1202,6
1203,3
1204,6
1205,4
1206,7
1207,4
1208,6
1209,4
1210,4
1211,4
1212,4
1213,3
1214,4
1215,4
1216,3
1217,4
1218,4
1219,4
1220,7
1221,4
1222,6
1223,5
1224,3
1225,5
1226,3
1227,3
1228,4
1229,3
1230,5
1231,5
1232,4
1233,5
1234,3
1235,5
1236,4
1237,6
1238,5
1239,7
1240,6
1241,5
1242,4
1243,3
1244,4
1245,3
1246,4
1247,6
1248,4
1249,5
1250,5
1251,5
1252,5
1253,4
1254,3
1255,7
1256,6
1257,5
1258,6
1259,5
1260,3
1261,5
1262,6
1263,4
1264,4
1265,5
1266,4
1267,6
1268,4
1269,4
1270,5
1271,5
1272,3
1273,5
1274,5
1275,4
1276,5
1277,4
1278,5
1279,4
1280,4
1281,3
1282,6
1283,5
1284,4
1285,7
1286,5
1287,4
1288,4
1289,5
1290,3
1291,3
1292,2
1293,5
1294,4
1295,5
1296,4
1297,4
1298,4
1299,3
1300,6
1301,3
1302,4
1303,5
1304,7
1305,4
1306,5
1307,5
1308,5
1309,4
1310,4
1311,5
1312,4
1313,6
1314,3
1315,3
1316,4
1317,6
1318,6
1319,5
1320,4
1321,3
1322,4
1323,5
1324,4
1325,5
1326,8
1327,4
1328,4
1329,7
1330,5
1331,5
1332,4
1333,5
1334,5
1335,5
1336,4
1337,4
1338,5
1339,4
1340,4
1341,5
1342,5
1343,7
1344,5
1345,4
1346,3
1347,6
1348,6
1349,6
1350,4
1351,3
1352,3
1353,5
1354,4
1355,7
1356,4
1357,5
1358,6
1359,4
1360,4
1361,4
1362,4
1363,4
1364,5
1365,5
1366,6
1367,7
1368,3
1369,6
1370,4
1371,4
1372,4
1373,7
1374,4
1375,5
1376,6
1377,5
1378,5
1379,3
1380,5
1381,4
1382,4
1383,10
1384,3
1385,4
1386,3
1387,6
1388,7
1389,4
1390,4
1391,5
1392,6
1393,4
1394,4
1395,5
1396,3
1397,5
1398,6
1399,3
1400,7
1401,4
1402,5
1403,4
1404,7
1405,5
1406,5
1407,4
1408,3
1409,5
1410,4
1411,3
1412,4
1413,5
1414,2
1415,5
1416,4
1417,4
1418,3
1419,6
1420,5
1421,5
1422,5
1423,4
1424,4
1425,6
1426,7
1427,4
1428,7
1429,4
1430,3
1431,5
1432,3
1433,9
1434,3
1435,4
1436,8
1437,5
1438,6
1439,3
1440,5
1441,9
1442,6
1443,4
1444,3
1445,4
1446,7
1447,4
1448,4
1449,5
1450,5
1451,5
1452,4
1453,5
1454,3
1455,3
1456,4
1457,5
1458,5
1459,5
1460,5
1461,4
1462,5
1463,4
1464,5
1465,7
1466,5
1467,4
1468,4
1469,3
1470,7
1471,3
1472,6
1473,3
1474,5
1475,5
1476,5
1477,6
1478,3
1479,5
1480,3
1481,4
1482,3
1483,4
1484,5
1485,4
1486,8
1487,5
1488,3
1489,6
1490,4
1491,5
1492,3
1493,5
1494,6
1495,3
1496,4
1497,4
1498,4
1499,3
1500,4
1501,3
1502,7
1503,4
1504,4
1505,3
1506,4
1507,4
1508,7
1509,3
1510,5
1511,5
1512,5
1513,3
1514,5
1515,4
1516,4
1517,4
1518,4
1519,2
1520,4
1521,6
1522,4
1523,4
1524,4
1525,4
1526,5
1527,4
1528,5
1529,6
1530,4
1531,6
1532,5
1533,4
1534,4
1535,4
1536,4
1537,2
1538,5
1539,4
1540,4
1541,4
1542,6
1543,7
1544,5
1545,5
1546,4
1547,4
1548,5
1549,4
1550,6
1551,4
1552,5
1553,6
1554,6
1555,3
1556,4
1557,3
1558,7
1559,3
1560,5
1561,7
1562,4
1563,4
1564,5
1565,4
1566,3
1567,5
1568,5
1569,7
1570,5
1571,4
1572,5
1573,5
1574,3
1575,3
1576,5
1577,5
1578,3
1579,6
1580,3
1581,2
1582,4
1583,6
1584,6
1585,3
1586,4
1587,3
1588,4
1589,6
1590,4
1591,5
1592,3
1593,5
1594,6
1595,5
1596,4
1597,7
1598,5
1599,6
1600,2
1601,4
1602,5
1603,5
1604,3
1605,4
1606,5
1607,5
1608,5
1609,6
1610,4
1611,6
1612,2
1613,3
1614,6
1615,6
1616,4
1617,7
1618,6
1619,4
1620,3
1621,4
1622,3
1623,5
1624,4
1625,5
1626,4
1627,4
1628,5
1629,4
1630,5
1631,7
1632,4
1633,3
1634,4
1635,4
1636,3
1637,5
1638,5
1639,5
1640,4
1641,5
1642,6
1643,4
1644,10
1645,4
1646,5
1647,4
1648,4
1649,4
1650,5
1651,3
1652,6
1653,4
1654,4
1655,7
1656,3
1657,5
1658,3
1659,4
1660,5
1661,3
1662,6
1663,4
1664,4
1665,5
1666,5
1667,4
1668,4
1669,4
1670,3
1671,5
1672,6
1673,7
1674,3
1675,4
1676,4
1677,4
1678,5
1679,3
1680,4
1681,5
1682,6
1683,3
1684,5
1685,2
1686,4
1687,4
1688,5
1689,3
1690,5
1691,4
1692,6
1693,4
1694,3
1695,4
1696,5
1697,3
1698,4
1699,6
1700,3
1701,5
1702,3
1703,6
1704,4
1705,4
1706,5
1707,5
1708,3
1709,4
1710,5
1711,3
1712,5
1713,6
1714,5
1715,3
1716,5
1717,4
1718,4
1719,3
1720,5
1721,4
1722,3
1723,3
1724,4
1725,4
1726,6
1727,5
1728,5
1729,6
1730,5
1731,5
1732,7
1733,5
1734,5
1735,3
1736,2
1737,5
1738,4
1739,4
1740,6
1741,4
1742,5
1743,4
1744,7
1745,3
1746,8
1747,5
1748,6
1749,4
1750,4
1751,4
1752,6
1753,4
1754,4
1755,4
1756,7
1757,4
1758,4
1759,4
1760,5
1761,5
1762,4
1763,5
1764,3
1765,6
1766,4
1767,4
1768,6
1769,7
1770,4
1771,7
1772,3
1773,7
1774,6
1775,4
1776,4
1777,5
1778,6
1779,4
1780,5
1781,5
1782,4
1783,4
1784,4
1785,7
1786,8
1787,2
1788,4
1789,4
1790,4
1791,7
1792,5
1793,4
1794,4
1795,7
1796,6
1797,6
1798,5
1799,4
1800,4
1801,3
1802,5
1803,5
1804,6
1805,6
1806,4
1807,6
1808,4
1809,5
1810,4
1811,5
1812,3
1813,5
1814,4
1815,5
1816,5
1817,4
1818,4
1819,6
1820,3
1821,3
1822,8
1823,7
1824,5
1825,4
1826,4
1827,4
1828,3
1829,3
1830,3
1831,3
1832,3
1833,4
1834,4
1835,5
1836,5
1837,4
1838,4
1839,3
1840,4
1841,7
1842,6
1843,4
1844,5
1845,6
1846,3
1847,3
1848,5
1849,3
1850,5
1851,3
1852,3
1853,4
1854,4
1855,5
1856,4
1857,4
1858,4
1859,2
1860,6
1861,5
1862,7
1863,8
1864,5
1865,4
1866,5
1867,5
1868,4
1869,2
1870,6
1871,5
1872,6
1873,4
1874,7
1875,7
1876,4
1877,5
1878,5
1879,5
1880,5
1881,5
1882,4
1883,3
1884,6
1885,5
1886,4
1887,4
1888,4
1889,4
1890,3
1891,4
1892,4
1893,5
1894,6
1895,5
1896,4
1897,3
1898,5
1899,6
1900,5
1901,7
1902,4
1903,4
1904,5
1905,5
1906,4
1907,6
1908,4
1909,4
1910,4
1911,5
1912,5
1913,4
1914,5
1915,3
1916,4
1917,6
1918,4
1919,5
1920,6
1921,4
1922,3
1923,6
1924,4
1925,4
1926,5
1927,3
1928,5
1929,5
1930,5
1931,5
1932,5
1933,5
1934,7
1935,6
1936,5
1937,3
1938,6
1939,3
1940,5
1941,4
1942,4
1943,4
1944,6
1945,5
1946,5
1947,5
1948,4
1949,6
1950,4
1951,3
1952,5
1953,4
1954,4
1955,6
1956,4
1957,7
1958,4
1959,4
1960,2
1961,5
1962,6
1963,5
1964,7
1965,4
1966,3
1967,5
1968,4
1969,4
1970,4
1971,5
1972,4
1973,4
1974,5
1975,5
1976,4
1977,4
1978,4
1979,5
1980,6
1981,4
1982,3
1983,3
1984,5
1985,5
1986,4
1987,4
1988,4
1989,3
1990,6
1991,8
1992,6
1993,5
1994,4
1995,6
1996,4
1997,5
1998,5
1999,5
2000,4
2001,5
2002,3
2003,6
2004,4
2005,4
2006,4
2007,4
2008,8
2009,6
2010,4
2011,4
2012,4
2013,6
2014,5
2015,3
2016,7
2017,5
2018,4
2019,4
2020,5
2021,4
2022,4
2023,2
2024,5
2025,3
2026,3
2027,4
2028,4
2029,4
2030,3
2031,4
2032,6
2033,4
2034,4
2035,7
2036,8
2037,7
2038,6
2039,5
2040,3
2041,7
2042,4
2043,3
2044,5
2045,6
2046,3
2047,3
2048,4
2049,4
2050,4
2051,5
2052,3
2053,7
2054,3
2055,3
2056,5
2057,5
2058,4
2059,7
2060,2
2061,5
2062,5
2063,4
2064,6
2065,5
2066,5
2067,4
2068,3
2069,3
2070,4
2071,4
2072,4
2073,3
2074,4
2075,3
2076,4
2077,5
2078,3
2079,5
2080,3
2081,3
2082,4
2083,4
2084,7
2085,4
2086,4
2087,5
2088,4
2089,5
2090,7
2091,4
2092,4
2093,4
2094,8
2095,4
2096,4
2097,5
2098,5
2099,4
2100,4
2101,3
2102,6
2103,5
2104,6
2105,4
2106,4
2107,4
2108,4
2109,6
2110,2
2111,4
2112,5
2113,5
2114,4
2115,6
2116,4
2117,4
2118,4
2119,5
2120,4
2121,4
2122,7
2123,4
2124,4
2125,4
2126,2
2127,6
2128,5
2129,3
2130,5
2131,6
2132,5
2133,5
2134,5
2135,5
2136,4
2137,5
2138,5
2139,4
2140,5
2141,5
2142,4
2143,4
2144,6
2145,4
2146,5
2147,4
2148,5
2149,6
2150,3
2151,5
2152,3
2153,4
2154,4
2155,3
2156,5
2157,4
2158,6
2159,4
2160,4
2161,9
2162,3
2163,4
2164,4
2165,2
2166,4
2167,4
2168,4
2169,6
2170,4
2171,5
2172,6
2173,4
2174,4
2175,4
2176,4
2177,3
2178,5
2179,4
2180,4
2181,3
2182,6
2183,5
2184,4
2185,5
2186,5
2187,3
2188,5
2189,5
2190,6
2191,5
2192,4
2193,4
2194,3
2195,5
2196,4
2197,4
2198,6
2199,5
2200,6
2201,4
2202,4
2203,4
2204,5
2205,4
2206,8
2207,3
2208,4
2209,5
2210,5
2211,5
2212,4
2213,4
2214,5
2215,4
2216,4
2217,4
2218,5
2219,6
2220,3
2221,5
2222,4
2223,3
2224,5
2225,4
2226,4
2227,5
2228,6
2229,4
2230,3
2231,6
2232,6
2233,5
2234,4
2235,4
2236,3
2237,4
2238,7
2239,4
2240,6
2241,3
2242,5
2243,4
2244,3
2245,3
2246,4
2247,5
2248,4
2249,6
2250,3
2251,7
2252,4
2253,3
2254,3
2255,4
2256,5
2257,6
2258,4
2259,6
2260,4
2261,4
2262,4
2263,3
2264,4
2265,5
2266,3
2267,8
2268,4
2269,6
2270,5
2271,3
2272,4
2273,9
2274,4
2275,6
2276,4
2277,4
2278,4
2279,5
2280,7
2281,5
2282,3
2283,6
2284,3
2285,4
2286,5
2287,3
2288,4
2289,5
2290,4
2291,5
2292,4
2293,6
2294,4
2295,5
2296,5
2297,5
2298,4
2299,4
2300,6
2301,5
2302,4
2303,6
2304,9
2305,4
2306,6
2307,4
