0,4
1,4
2,5
3,5
4,5
5,4
6,3
7,6
8,5
9,6
10,6
11,4
12,4
13,5
14,4
15,5
16,4
17,3
18,5
19,5
20,6
21,5
22,5
23,3
24,5
25,5
26,5
27,5
28,3
29,5
30,4
31,6
32,5
33,3
34,6
35,5
36,6
37,6
38,6
39,5
40,6
41,4
42,5
43,5
44,5
45,2
46,5
47,5
48,5
49,4
50,6
51,5
52,4
53,4
54,5
55,3
56,4
57,5
58,5
59,4
60,5
61,3
62,4
63,4
64,5
65,6
66,5
67,5
68,5
69,5
70,5
71,5
72,6
73,4
74,5
75,5
76,4
77,5
78,6
79,4
80,5
81,5
82,3
83,5
84,5
85,5
86,6
87,5
88,3
89,5
90,3
91,4
92,4
93,6
94,6
95,3
96,5
97,4
98,2
99,5
100,3
101,5
102,7
103,4
104,4
105,5
106,4
107,5
108,5
109,4
110,5
111,5
112,3
113,7
114,6
115,4
116,3
117,4
118,3
119,5
120,3
121,6
122,4
123,10
124,5
125,6
126,5
127,4
128,4
129,6
130,8
131,7
132,4
133,5
134,5
135,5
136,5
137,5
138,6
139,3
140,2
141,5
142,5
143,8
144,6
145,4
146,4
147,6
148,3
149,4
150,5
151,3
152,5
153,5
154,6
155,4
156,4
157,4
158,3
159,3
160,5
161,4
162,4
163,7
164,5
165,4
166,4
167,5
168,5
169,4
170,4
171,4
172,5
173,3
174,4
175,5
176,5
177,2
178,5
179,3
180,4
181,4
182,4
183,3
184,4
185,4
186,9
187,5
188,5
189,3
190,4
191,5
192,5
193,3
194,5
195,4
196,6
197,5
198,5
199,5
200,6
201,6
202,4
203,4
204,5
205,4
206,5
207,4
208,5
209,4
210,3
211,3
212,3
213,4
214,3
215,6
216,4
217,4
218,4
219,5
220,4
221,4
222,3
223,4
224,3
225,5
226,4
227,3
228,3
229,4
230,5
231,4
232,7
233,6
234,7
235,5
236,4
237,4
238,5
239,4
240,5
241,5
242,4
243,4
244,5
245,6
246,5
247,5
248,4
249,6
250,3
251,5
252,5
253,3
254,4
255,5
256,7
257,4
258,5
259,3
260,3
261,4
262,7
263,3
264,5
265,8
266,3
267,5
268,5
269,5
270,3
271,4
272,3
273,6
274,5
275,4
276,5
277,4
278,3
279,4
280,4
281,3
282,5
283,5
284,7
285,5
286,4
287,5
288,6
289,6
290,5
291,6
292,3
293,2
294,3
295,4
296,5
297,4
298,4
299,3
300,7
301,5
302,3
303,4
304,8
305,4
306,5
307,4
308,4
309,4
310,5
311,6
312,4
313,7
314,6
315,4
316,5
317,6
318,6
319,3
320,6
321,4
322,9
323,4
324,4
325,5
326,4
327,4
328,2
329,5
330,5
331,5
332,6
333,6
334,4
335,3
336,6
337,4
338,6
339,5
340,6
341,4
342,6
343,5
344,5
345,4
346,3
347,5
348,3
349,4
350,5
351,4
352,4
353,4
354,5
355,6
356,5
357,4
358,3
359,8
360,6
361,5
362,5
363,4
364,4
365,3
366,4
367,5
368,3
369,3
370,3
371,5
372,5
373,6
374,5
375,3
376,5
377,5
378,6
379,6
380,3
381,4
382,7
383,5
384,6
385,4
386,5
387,4
388,6
389,5
390,4
391,5
392,6
393,3
394,5
395,4
396,4
397,7
398,6
399,5
400,7
401,3
402,5
403,3
404,6
405,5
406,5
407,5
408,6
409,4
410,5
411,5
412,5
413,4
414,5
415,5
416,4
417,4
418,6
419,3
420,4
421,5
422,4
423,7
424,5
425,5
426,4
427,5
428,5
429,5
430,5
431,5
432,4
433,4
434,4
435,4
436,5
437,4
438,7
439,4
440,7
441,4
442,5
443,4
444,5
445,3
446,5
447,6
448,5
449,3
450,5
451,4
452,9
453,5
454,4
455,5
456,5
457,7
458,5
459,5
460,5
461,5
462,5
463,5
464,5
465,3
466,4
467,5
468,3
469,5
470,3
471,3
472,5
473,5
474,3
475,5
476,3
477,4
478,5
479,4
480,8
481,5
482,3
483,2
484,6
485,5
486,5
487,4
488,4
489,3
490,5
491,5
492,4
493,6
494,4
495,5
496,5
497,4
498,5
499,5
500,7
501,4
502,5
503,5
504,4
505,7
506,4
507,5
508,5
509,6
510,4
511,5
512,5
513,5
514,4
515,4
516,3
517,5
518,5
519,5
520,4
521,4
522,4
523,4
524,5
525,5
526,4
527,3
528,5
529,3
530,5
531,6
532,5
533,7
534,7
535,4
536,7
537,4
538,7
539,6
540,7
541,5
542,4
543,8
544,5
545,6
546,4
547,4
548,2
549,4
550,4
551,5
552,5
553,3
554,8
555,5
556,5
557,5
558,5
559,5
560,4
561,5
562,4
563,4
564,4
565,3
566,5
567,7
568,3
569,5
570,3
571,5
572,10
573,5
574,5
575,5
576,4
577,5
578,5
579,5
580,6
581,3
582,6
583,4
584,4
585,2
586,3
587,5
588,4
589,6
590,6
591,3
592,4
593,6
594,5
595,5
596,5
597,4
598,4
599,5
600,3
601,4
602,4
603,4
604,4
605,7
606,3
607,3
608,5
609,3
610,6
611,4
612,7
613,5
614,4
615,4
616,3
617,6
618,5
619,5
620,4
621,3
622,2
623,6
624,4
625,6
626,5
627,5
628,4
629,5
630,5
631,6
632,5
633,6
634,7
635,4
636,5
637,5
638,5
639,5
640,5
641,5
642,6
643,6
644,5
645,2
646,5
647,3
648,4
649,6
650,5
651,4
652,3
653,5
654,5
655,5
656,6
657,3
658,5
659,5
660,5
661,6
662,4
663,5
664,5
665,3
666,3
667,5
668,5
669,5
670,5
671,7
672,5
673,4
674,3
675,4
676,5
677,4
678,4
679,4
680,5
681,5
682,3
683,4
684,6
685,6
686,4
687,5
688,3
689,6
690,3
691,6
692,6
693,4
694,5
695,5
696,3
697,4
698,6
699,4
700,9
701,5
702,4
703,5
704,5
705,6
706,3
707,6
708,6
709,3
710,4
711,4
712,4
713,7
714,4
715,5
716,8
717,5
718,4
719,3
720,4
721,4
722,5
723,4
724,3
725,4
726,4
727,5
728,4
729,5
730,11
731,5
732,5
733,8
734,3
735,5
736,5
737,3
738,6
739,5
740,5
741,5
742,4
743,4
744,4
745,5
746,3
747,3
748,7
749,2
750,5
751,4
752,5
753,7
754,4
755,3
756,4
757,6
758,4
759,3
760,5
761,4
762,5
763,4
764,4
765,4
766,5
767,4
768,6
769,4
770,4
771,4
772,7
773,5
774,4
775,5
776,5
777,5
778,3
779,7
780,6
781,4
782,3
783,6
784,4
785,4
786,4
787,5
788,4
789,6
790,4
791,5
792,5
793,5
794,5
795,3
796,5
797,5
798,4
799,5
800,7
801,5
802,5
803,4
804,4
805,5
806,7
807,5
808,5
809,5
810,8
811,5
812,3
813,3
814,4
815,5
816,4
817,3
818,3
819,3
820,3
821,4
822,3
823,5
824,6
825,4
826,4
827,5
828,5
829,4
830,5
831,5
832,5
833,5
834,3
835,5
836,10
837,4
838,6
839,3
840,3
841,4
842,4
843,3
844,5
845,4
846,5
847,6
848,5
849,5
850,5
851,5
852,4
853,4
854,7
855,5
856,3
857,5
858,3
859,3
860,5
861,10
862,5
863,4
864,6
865,8
866,3
867,6
868,4
869,5
870,4
871,3
872,6
873,3
874,6
875,6
876,6
877,5
878,3
879,4
880,3
881,5
882,4
883,4
884,7
885,5
886,5
887,6
888,5
889,4
890,4
891,6
892,4
893,11
894,3
895,5
896,5
897,3
898,7
899,3
900,4
901,7
902,5
903,5
904,5
905,6
906,5
907,5
908,6
909,4
910,5
911,3
912,5
913,5
914,5
915,4
916,4
917,5
918,4
919,6
920,3
921,4
922,6
923,4
924,4
925,6
926,5
927,6
928,4
929,6
930,4
931,5
932,5
933,3
934,3
935,5
936,5
937,5
938,5
939,5
940,5
941,3
942,4
943,4
944,4
945,3
946,6
947,4
948,5
949,4
950,5
951,6
952,5
953,5
954,4
955,4
956,5
957,5
958,4
959,8
960,5
961,4
962,4
963,6
964,3
965,4
966,4
967,4
968,5
969,5
970,5
971,3
972,3
973,4
974,5
975,5
976,5
977,4
978,5
979,4
980,4
981,5
982,4
983,4
984,4
985,7
986,6
987,6
988,5
989,5
990,3
991,4
992,4
993,5
994,5
995,7
996,4
997,3
998,5
999,5
1000,4
1001,5
1002,5
1003,4
1004,7
1005,3
1006,3
1007,5
1008,5
1009,6
1010,4
1011,4
1012,3
1013,4
1014,5
1015,3
1016,4
1017,5
1018,4
1019,5
1020,4
1021,5
1022,4
1023,3
1024,5
1025,5
1026,5
1027,4
1028,4
1029,3
1030,4
1031,5
1032,5
1033,5
1034,5
1035,5
1036,4
1037,4
1038,5
1039,4
1040,5
1041,3
1042,5
1043,3
1044,4
1045,6
1046,3
1047,5
1048,6
1049,3
1050,4
1051,4
1052,4
1053,5
1054,3
1055,4
1056,6
1057,4
1058,5
1059,9
1060,5
1061,2
1062,6
1063,4
1064,5
1065,5
1066,5
1067,5
1068,5
1069,4
1070,5
1071,5
1072,3
1073,5
1074,5
1075,5
1076,7
1077,2
1078,8
1079,5
1080,5
1081,3
1082,5
1083,6
1084,4
1085,6
1086,4
1087,4
1088,3
1089,4
1090,6
1091,5
1092,6
1093,5
1094,5
1095,3
1096,5
1097,5
1098,4
1099,6
1100,4
1101,4
1102,6
1103,3
1104,4
1105,4
1106,5
1107,5
1108,6
1109,2
1110,4
1111,5
1112,5
1113,5
1114,4
1115,5
1116,7
1117,6
1118,4
1119,4
1120,4
1121,3
1122,6
1123,5
1124,3
1125,3
1126,4
1127,3
1128,6
1129,2
1130,8
1131,4
1132,4
1133,3
1134,4
1135,7
1136,5
1137,4
1138,5
1139,7
1140,7
1141,7
1142,7
1143,3
1144,5
1145,5
1146,3
1147,6
1148,5
1149,3
1150,6
1151,3
1152,4
1153,4
1154,5
1155,5
1156,4
1157,3
1158,3
1159,4
1160,5
1161,4
1162,5
1163,3
1164,6
1165,4
1166,4
1167,5
1168,4
1169,4
1170,5
1171,5
1172,5
1173,3
1174,3
1175,5
1176,4
1177,7
1178,6
1179,6
1180,7
1181,4
1182,6
1183,5
1184,4
1185,5
1186,5
1187,6
1188,5
1189,5
1190,3
1191,8
1192,5
1193,4
1194,4
1195,4
1196,4
1197,6
1198,6
1199,5
1200,4
1201,4
1202,6
1203,3
1204,6
1205,5
1206,6
1207,5
1208,6
1209,4
1210,5
1211,4
1212,4
1213,3
1214,4
1215,5
1216,3
1217,5
1218,5
1219,4
1220,7
1221,4
1222,6
1223,4
1224,3
1225,5
1226,3
1227,3
1228,5
1229,3
1230,5
1231,5
1232,4
1233,5
1234,3
1235,5
1236,4
1237,6
1238,4
1239,8
1240,6
1241,5
1242,5
1243,3
1244,4
1245,3
1246,4
1247,6
1248,4
1249,6
1250,5
1251,5
1252,5
1253,4
1254,3
1255,7
1256,6
1257,5
1258,6
1259,5
1260,3
1261,4
1262,6
1263,5
1264,4
1265,6
1266,4
1267,6
1268,4
1269,5
1270,5
1271,5
1272,3
1273,5
1274,4
1275,4
1276,5
1277,5
1278,5
1279,4
1280,4
1281,3
1282,6
1283,4
1284,4
1285,6
1286,6
1287,5
1288,4
1289,5
1290,3
1291,3
1292,2
1293,5
1294,4
1295,5
1296,4
1297,4
1298,4
1299,3
1300,6
1301,3
1302,4
1303,6
1304,6
1305,5
1306,5
1307,5
1308,5
1309,4
1310,5
1311,5
1312,4
1313,7
1314,3
1315,3
1316,4
1317,4
1318,6
1319,6
1320,4
1321,3
1322,4
1323,5
1324,4
1325,4
1326,7
1327,5
1328,4
1329,6
1330,5
1331,4
1332,4
1333,5
1334,5
1335,5
1336,5
1337,5
1338,5
1339,4
1340,5
1341,4
1342,6
1343,6
1344,5
1345,5
1346,3
1347,7
1348,6
1349,6
1350,4
1351,3
1352,3
1353,5
1354,4
1355,7
1356,4
1357,5
1358,4
1359,5
1360,4
1361,5
1362,4
1363,5
1364,5
1365,4
1366,6
1367,7
1368,3
1369,6
1370,4
1371,4
1372,4
1373,5
1374,4
1375,5
1376,6
1377,5
1378,5
1379,3
1380,5
1381,4
1382,4
1383,10
1384,3
1385,4
1386,3
1387,6
1388,7
1389,4
1390,4
1391,5
1392,4
1393,5
1394,4
1395,5
1396,3
1397,5
1398,6
1399,3
1400,6
1401,4
1402,5
1403,4
1404,7
1405,5
1406,5
1407,4
1408,3
1409,5
1410,4
1411,3
1412,5
1413,5
1414,2
1415,5
1416,4
1417,5
1418,3
1419,6
1420,4
1421,5
1422,5
1423,4
1424,5
1425,6
1426,7
1427,4
1428,7
1429,4
1430,3
1431,5
1432,3
1433,9
1434,3
1435,5
1436,9
1437,4
1438,6
1439,3
1440,5
1441,9
1442,6
1443,4
1444,3
1445,5
1446,7
1447,4
1448,4
1449,6
1450,5
1451,5
1452,5
1453,5
1454,3
1455,3
1456,4
1457,5
1458,5
1459,5
1460,5
1461,4
1462,5
1463,5
1464,6
1465,6
1466,5
1467,5
1468,5
1469,3
1470,6
1471,3
1472,7
1473,3
1474,5
1475,5
1476,4
1477,6
1478,3
1479,5
1480,3
1481,5
1482,3
1483,4
1484,5
1485,4
1486,8
1487,4
1488,3
1489,6
1490,5
1491,5
1492,3
1493,5
1494,6
1495,3
1496,4
1497,5
1498,5
1499,3
1500,4
1501,3
1502,7
1503,4
1504,4
1505,3
1506,4
1507,4
1508,7
1509,3
1510,5
1511,5
1512,5
1513,3
1514,5
1515,5
1516,5
1517,4
1518,5
1519,2
1520,4
1521,6
1522,5
1523,5
1524,5
1525,4
1526,5
1527,4
1528,4
1529,6
1530,4
1531,6
1532,5
1533,5
1534,5
1535,4
1536,4
1537,2
1538,6
1539,4
1540,5
1541,4
1542,5
1543,7
1544,5
1545,5
1546,5
1547,4
1548,5
1549,4
1550,5
1551,5
1552,5
1553,5
1554,6
1555,3
1556,4
1557,3
1558,6
1559,3
1560,5
1561,7
1562,4
1563,4
1564,5
1565,4
1566,3
1567,5
1568,5
1569,7
1570,6
1571,5
1572,5
1573,4
1574,3
1575,3
1576,4
1577,6
1578,3
1579,6
1580,3
1581,2
1582,4
1583,5
1584,6
1585,3
1586,4
1587,3
1588,4
1589,6
1590,4
1591,5
1592,3
1593,4
1594,7
1595,4
1596,5
1597,5
1598,4
1599,5
1600,2
1601,4
1602,6
1603,5
1604,3
1605,4
1606,4
1607,5
1608,5
1609,6
1610,5
1611,6
1612,2
1613,3
1614,6
1615,6
1616,5
1617,7
1618,6
1619,5
1620,3
1621,4
1622,3
1623,5
1624,5
1625,5
1626,4
1627,4
1628,4
1629,4
1630,6
1631,7
1632,5
1633,3
1634,4
1635,5
1636,3
1637,6
1638,5
1639,6
1640,5
1641,4
1642,6
1643,4
1644,10
1645,4
1646,5
1647,4
1648,5
1649,5
1650,4
1651,3
1652,5
1653,5
1654,4
1655,6
1656,3
1657,6
1658,3
1659,4
1660,5
1661,3
1662,6
1663,4
1664,4
1665,5
1666,4
1667,4
1668,5
1669,4
1670,3
1671,5
1672,5
1673,7
1674,3
1675,4
1676,4
1677,5
1678,5
1679,3
1680,5
1681,4
1682,7
1683,3
1684,5
1685,2
1686,4
1687,4
1688,5
1689,3
1690,5
1691,5
1692,6
1693,4
1694,3
1695,4
1696,5
1697,3
1698,4
1699,6
1700,3
1701,5
1702,3
1703,6
1704,4
1705,4
1706,5
1707,5
1708,3
1709,4
1710,5
1711,3
1712,5
1713,5
1714,5
1715,3
1716,6
1717,4
1718,5
1719,3
1720,5
1721,4
1722,3
1723,3
1724,4
1725,4
1726,5
1727,5
1728,5
1729,7
1730,4
1731,5
1732,7
1733,5
1734,6
1735,3
1736,2
1737,5
1738,5
1739,4
1740,6
1741,4
1742,5
1743,4
1744,7
1745,3
1746,9
1747,4
1748,6
1749,4
1750,4
1751,4
1752,6
1753,4
1754,4
1755,5
1756,7
1757,4
1758,4
1759,4
1760,5
1761,6
1762,4
1763,5
1764,3
1765,5
1766,4
1767,5
1768,6
1769,7
1770,5
1771,7
1772,3
1773,7
1774,6
1775,5
1776,4
1777,5
1778,6
1779,5
1780,5
1781,4
1782,5
1783,5
1784,4
1785,7
1786,8
1787,2
1788,5
1789,4
1790,4
1791,7
1792,4
1793,5
1794,5
1795,8
1796,5
1797,7
1798,5
1799,4
1800,4
1801,3
1802,5
1803,4
1804,6
1805,6
1806,5
1807,6
1808,4
1809,5
1810,4
1811,4
1812,3
1813,5
1814,4
1815,4
1816,5
1817,5
1818,5
1819,6
1820,3
1821,3
1822,5
1823,7
1824,5
1825,4
1826,4
1827,4
1828,3
1829,3
1830,3
1831,3
1832,3
1833,4
1834,4
1835,5
1836,5
1837,4
1838,4
1839,3
1840,4
1841,6
1842,6
1843,4
1844,4
1845,4
1846,3
1847,3
1848,6
1849,3
1850,6
1851,3
1852,3
1853,5
1854,4
1855,5
1856,4
1857,5
1858,4
1859,2
1860,6
1861,4
1862,7
1863,8
1864,5
1865,5
1866,6
1867,5
1868,4
1869,2
1870,6
1871,5
1872,6
1873,4
1874,7
1875,6
1876,4
1877,6
1878,5
1879,4
1880,5
1881,5
1882,4
1883,3
1884,6
1885,6
1886,4
1887,5
1888,4
1889,5
1890,3
1891,4
1892,4
1893,5
1894,6
1895,4
1896,4
1897,3
1898,5
1899,5
1900,5
1901,7
1902,4
1903,4
1904,5
1905,5
1906,4
1907,5
1908,5
1909,5
1910,5
1911,5
1912,5
1913,5
1914,5
1915,3
1916,4
1917,6
1918,4
1919,5
1920,6
1921,4
1922,3
1923,6
1924,4
1925,4
1926,5
1927,3
1928,6
1929,5
1930,4
1931,5
1932,6
1933,5
1934,7
1935,6
1936,6
1937,3
1938,6
1939,3
1940,5
1941,4
1942,5
1943,5
1944,6
1945,5
1946,5
1947,6
1948,5
1949,6
1950,5
1951,3
1952,6
1953,4
1954,4
1955,6
1956,5
1957,7
1958,5
1959,4
1960,2
1961,5
1962,5
1963,6
1964,7
1965,4
1966,3
1967,5
1968,5
1969,5
1970,4
1971,4
1972,5
1973,5
1974,5
1975,5
1976,4
1977,4
1978,4
1979,5
1980,6
1981,5
1982,3
1983,3
1984,5
1985,5
1986,5
1987,4
1988,5
1989,3
1990,7
1991,8
1992,6
1993,4
1994,5
1995,6
1996,5
1997,5
1998,5
1999,5
2000,4
2001,5
2002,3
2003,6
2004,5
2005,4
2006,4
2007,4
2008,8
2009,6
2010,5
2011,4
2012,4
2013,6
2014,5
2015,3
2016,7
2017,6
2018,5
2019,4
2020,5
2021,5
2022,4
2023,2
2024,6
2025,3
2026,3
2027,4
2028,5
2029,5
2030,3
2031,5
2032,6
2033,5
2034,5
2035,8
2036,7
2037,5
2038,6
2039,5
2040,3
2041,7
2042,4
2043,3
2044,5
2045,6
2046,3
2047,3
2048,5
2049,5
2050,4
2051,4
2052,3
2053,6
2054,3
2055,3
2056,5
2057,5
2058,4
2059,7
2060,2
2061,5
2062,4
2063,4
2064,5
2065,4
2066,5
2067,5
2068,3
2069,3
2070,4
2071,5
2072,5
2073,3
2074,5
2075,3
2076,4
2077,4
2078,3
2079,4
2080,3
2081,3
2082,5
2083,4
2084,7
2085,5
2086,4
2087,5
2088,5
2089,5
2090,6
2091,5
2092,4
2093,5
2094,8
2095,5
2096,5
2097,6
2098,4
2099,4
2100,5
2101,3
2102,4
2103,5
2104,6
2105,5
2106,4
2107,5
2108,5
2109,6
2110,2
2111,5
2112,5
2113,5
2114,4
2115,5
2116,4
2117,4
2118,5
2119,5
2120,4
2121,4
2122,6
2123,5
2124,4
2125,5
2126,2
2127,6
2128,5
2129,3
2130,5
2131,6
2132,6
2133,4
2134,5
2135,5
2136,4
2137,5
2138,5
2139,5
2140,5
2141,6
2142,5
2143,4
2144,6
2145,5
2146,5
2147,5
2148,5
2149,6
2150,3
2151,5
2152,3
2153,4
2154,5
2155,3
2156,5
2157,5
2158,5
2159,4
2160,5
2161,9
2162,3
2163,5
2164,4
2165,2
2166,5
2167,4
2168,4
2169,6
2170,5
2171,5
2172,6
2173,5
2174,4
2175,4
2176,4
2177,3
2178,4
2179,4
2180,4
2181,3
2182,6
2183,5
2184,4
2185,6
2186,5
2187,3
2188,5
2189,5
2190,5
2191,5
2192,5
2193,4
2194,3
2195,4
2196,5
2197,5
2198,6
2199,4
2200,6
2201,4
2202,5
2203,5
2204,5
2205,4
2206,8
2207,3
2208,5
2209,4
2210,5
2211,6
2212,4
2213,4
2214,5
2215,4
2216,4
2217,4
2218,5
2219,6
2220,3
2221,4
2222,4
2223,3
2224,4
2225,5
2226,4
2227,5
2228,6
2229,4
2230,3
2231,5
2232,6
2233,5
2234,4
2235,4
2236,3
2237,4
2238,7
2239,4
2240,6
2241,3
2242,5
2243,5
2244,3
2245,3
2246,4
2247,5
2248,5
2249,6
2250,3
2251,7
2252,4
2253,3
2254,3
2255,4
2256,5
2257,5
2258,4
2259,6
2260,5
2261,4
2262,5
2263,3
2264,4
2265,5
2266,3
2267,8
2268,4
2269,6
2270,5
2271,3
2272,5
2273,9
2274,4
2275,6
2276,5
2277,4
2278,5
2279,5
2280,8
2281,5
2282,3
2283,6
2284,3
2285,5
2286,5
2287,3
2288,4
2289,6
2290,5
2291,5
2292,5
2293,6
2294,5
2295,4
2296,6
2297,5
2298,4
2299,4
2300,6
2301,6
2302,4
2303,6
2304,9
2305,4
2306,6
2307,4
